4.5 5.33333 2.75 4.8 3 3.57143 3.625 2.88889 2.4 3.18182 2.58333 2.92308 2.92857 3.2 3.375 2.82353 3.38889 2.89474 3.2 3.71429 3.18182 
5 4.33333 3.75 3.2 4 3.14286 2.375 2.44444 2.8 3.09091 2.83333 2.92308 2.85714 3.2 3.6875 3.70588 2.77778 3.15789 3.3 3.42857 3.54545 
6 4.66667 3.75 4.4 3.16667 3.71429 3.25 2.55556 2.8 3 3.41667 3.23077 2.85714 3.4 3.125 2.70588 2.94444 3.31579 3.65 3.42857 3.81818 
5.5 4 3.75 4 3.16667 3.71429 2.5 2.22222 3.4 3.27273 2.91667 3.46154 2.64286 2.93333 3.3125 3.35294 3.05556 3.21053 3.55 2.71429 3.31818 
5 3.66667 3.5 3.4 4 3.57143 3 2.55556 3.2 3.27273 3.41667 2.61538 3.07143 2.6 2.375 2.88235 3.5 3.52632 3.25 3.47619 3.59091 
5.5 4 4 2.8 4 3 3.25 2.44444 2.2 3.18182 2.75 3.30769 3.42857 3.26667 2.4375 3.29412 2.77778 3 3.3 3.2381 3.04545 
6 4.66667 4.5 4.4 4.5 4.28571 3.375 3.44444 3.3 3.45455 3.33333 3.07692 2.85714 3 3 3 3.94444 3.94737 3.65 3.61905 4.09091 
7.5 5.33333 4.25 3.4 3.33333 3.42857 3.25 2.55556 2.7 3.36364 2.83333 3.07692 3.42857 3 3 3 3.38889 2.89474 3.2 3.19048 3.13636 
3 4.66667 2.25 3.6 3.66667 3.42857 3.125 3 3.3 3.09091 3.33333 3.53846 3.57143 2.8 3.0625 2.70588 2.88889 3.05263 3.45 3.7619 3.63636 
5 5 4.25 2.8 3.5 3.42857 2.625 3 3.2 3.36364 3.25 3 2.85714 3.13333 2.875 3.35294 3.55556 3.42105 3.7 3.38095 3.22727 
6 4 2.75 3 3.16667 3.71429 2 3.66667 3.2 3 3.66667 3.30769 3.5 3.06667 3.375 3.17647 3.33333 3.36842 2.6 3.19048 3.22727 
5.5 4.66667 3.75 3.8 4 3.28571 3.375 2.66667 3.2 3.27273 3 3.23077 3.35714 3.13333 2.8125 2.82353 3.33333 3.36842 3.45 3.85714 3.31818 
6 3.66667 3.75 3.6 4.33333 3 2.75 2.66667 2.8 2.63636 3.33333 3.69231 3 2.8 4 3.47059 3.05556 3 3.45 3 3.45455 
6.5 5 4.75 3.8 3.83333 3.57143 3.125 2.55556 3.1 3.81818 2.16667 3.61538 3.07143 2.8 2.9375 2.94118 3.55556 3.42105 3.75 3.52381 3.77273 
4 3 4 3.6 3.16667 3.71429 3.125 2.66667 3.9 3 3.75 3.15385 4.21429 2.86667 2.75 2.70588 3.55556 3.05263 3.2 3.57143 3.54545 
5.5 7 4.75 3.8 4.83333 4.42857 4 3.55556 3.1 3.63636 3.16667 3.76923 2.64286 3.26667 3.25 3.23529 3.61111 3.52632 3.45 3.85714 3.77273 
6.5 4.66667 3.25 4.4 4 4.28571 2.625 3.22222 3.4 3.27273 2.75 3 3.14286 2.8 3.1875 2.94118 3.11111 3.15789 3.2 3.14286 3.5 
4.5 4.33333 5.5 4.2 5 4.42857 3.5 3.44444 3.4 2.54545 2.91667 2.92308 3 2.8 2.5625 2.94118 3.44444 3.78947 3.1 3.19048 3.31818 
5 4.66667 3.75 3 4.66667 4.42857 2.75 3.11111 3.4 3.27273 3.58333 2.30769 2.71429 3.13333 2.3125 2.82353 3.77778 3 3.75 3.80952 3.5 
6.5 4.66667 3 3.4 1.66667 3.85714 3.75 3.44444 2.9 3 3.25 3.23077 3 2.93333 2.875 2.94118 3.94444 3.78947 3.65 3.33333 3.77273 
6.5 4 2.75 3.2 3 3.57143 3.75 2.44444 3.2 2.90909 3.16667 3.30769 2.85714 3.2 2.5625 3.58824 2.94444 3.15789 3.7 3.71429 3.04545 
7 3.33333 4.25 2.8 3.5 2.71429 3.125 3.77778 3.5 3.36364 2.83333 3 3.07143 2.93333 3.0625 3.05882 2.77778 3.26316 3.6 3.33333 3.04545 
6.5 4.66667 4.75 4.8 4.16667 4.42857 3.125 3.77778 3.4 2.90909 3.33333 3.15385 3.07143 2.46667 3.375 3.35294 3.22222 3.73684 3.45 3.52381 3.09091 
6.5 4.66667 3 3.6 3 3.42857 3 2.22222 3.3 3.45455 3.91667 3.53846 2.64286 2.53333 2.5625 3.41176 3.11111 3.31579 3.1 3.2381 3.22727 
5 5 4 4.2 3.83333 3.42857 2.875 2.55556 3.6 3.45455 3.66667 3.53846 3.14286 2.2 2.75 2.70588 2.94444 3.52632 3.9 3.61905 3.13636 
4.5 5.33333 4 3.6 3.33333 3.71429 2.875 2.77778 2.6 3.63636 2.75 3.30769 3.14286 2.6 2.9375 3.17647 2.94444 3.47368 3.1 3.19048 3.13636 
6.5 3.66667 3.75 3 3.83333 4.28571 2.875 2.66667 2.8 3.72727 2.83333 3.30769 3.35714 2.06667 3.0625 3.05882 3.5 3.31579 3.55 3.33333 3.5 
7.5 4.33333 5 4.4 3.83333 4.28571 3.125 3.22222 2.8 3.63636 2.5 3.38462 2.71429 3.06667 3.125 2.94118 3.38889 3.10526 3.95 3.85714 3.54545 
6.5 5 3.25 4.4 3 2.85714 2.25 2.55556 3.7 2.72727 2.91667 2.84615 3.07143 2.8 2.75 2.94118 3.22222 3.31579 3.3 3.19048 3.31818 
7.5 4 4.25 3.4 2.83333 4 3.375 2.88889 3.6 2.90909 3.5 3.07692 3.42857 3.06667 2.8125 3.23529 3.72222 3.68421 3.95 4.04762 3.40909 
5 4.33333 3.75 2.4 3.83333 3.14286 2.625 2.55556 3.7 3.36364 3.5 2.92308 2.92857 2.73333 2.9375 3.35294 3 3.15789 3.55 3.42857 3.18182 
5.5 5 3.5 4.8 3 3.71429 3.625 2.77778 3.4 3.36364 2.83333 3.23077 2.85714 3.33333 3.0625 3.05882 3.44444 3.42105 3.75 3.38095 3.27273 
7.5 5 3.75 3.8 3 3.85714 2.875 3.44444 3.2 2.90909 2.91667 3.07692 3.14286 2.66667 3 2.64706 3.88889 3.05263 3.15 2.71429 3.45455 
5 5.33333 3.75 3.8 4.33333 4.28571 3 3.11111 3.4 2.90909 3.41667 3.69231 3.28571 2.86667 2.8125 2.94118 3.33333 3.47368 4.15 3.47619 3.59091 
5 4.33333 4 3.4 4.33333 3.71429 2.625 2.77778 2.5 3.63636 2.83333 3 3.14286 3.46667 2.9375 2.94118 2.83333 3.15789 3.35 3.52381 3.22727 
4.5 5 4.5 3 4 3.14286 3.125 2.66667 3.5 3.63636 2.66667 3.15385 2.71429 2.66667 3.0625 2.76471 2.83333 3.47368 3.4 3.47619 3.27273 
6.5 4 3.25 4 3.5 3.14286 3.625 2.66667 3 2.90909 2.41667 2.84615 3.14286 2.46667 2.9375 2.94118 3.55556 3.36842 3.25 3.66667 3.40909 
5 5 4.5 4 3.5 3.28571 2.625 2.66667 2.8 3 3.16667 3.53846 3.14286 3.46667 3.25 3.11765 3.38889 3.57895 3.25 3.14286 4.04545 
5 3.33333 2.75 4.4 3.66667 3.85714 2.625 3.44444 2.9 3.54545 3.08333 2.92308 3.57143 2.46667 3.5625 3.17647 3.05556 3.89474 3.1 3.52381 3.77273 
6 4 3.5 3.4 3 3.57143 2.875 2.33333 2.9 3.72727 2.91667 3.15385 3.21429 2.93333 3 3.05882 3.55556 2.89474 3.7 3.38095 3.68182 
5.5 4.33333 3.25 3.8 3.33333 4.42857 3.875 3.11111 3 2.90909 3.08333 3.38462 3 2.66667 3 3.05882 3.38889 3.21053 3.45 3.09524 3.45455 
3.5 4.33333 3 3.6 2.83333 4 3.875 3.44444 3.4 3.54545 3.25 2.84615 3.64286 3.26667 3.1875 2.88235 3.44444 3.89474 3.25 3.38095 2.86364 
6 4.66667 3 3.6 4.5 3.42857 3.125 2.66667 3.6 3 2.66667 3.23077 3.21429 3.26667 2.5625 2.64706 3.11111 3.42105 3 3.2381 3.31818 
4.5 5.33333 3.5 2.8 3.83333 4 2.75 2.88889 3.7 3.54545 3.75 2.53846 3.21429 3 2.5625 2.70588 3.38889 3.78947 3.25 3.14286 3.72727 
7 5.66667 5.25 3.8 3.83333 3.57143 4.25 2.33333 3.9 4.18182 3.5 2.92308 3.57143 2.66667 3.125 3.29412 3.61111 3.52632 3.5 3.33333 3.40909 
7.5 4.33333 4.25 4.4 3.66667 4 3.25 2.55556 4 3.45455 3.33333 3.15385 3.35714 3.53333 3.375 3 3.05556 3.31579 3.7 3.33333 3.45455 
7 4.33333 4.25 4.2 3.5 3.57143 3.5 3.33333 3.5 3.18182 3.41667 2.84615 3.35714 2.4 3 2.94118 2.72222 3.21053 3.1 3.71429 3.22727 
5.5 3.66667 4.25 4.4 3.66667 3.42857 2.625 3.11111 2.8 3.18182 3 3.07692 3.28571 3.13333 3.125 3.05882 3.38889 2.78947 3.5 3.38095 3.22727 
5.5 5 3.75 4.4 4.66667 4.57143 3.5 3.55556 2.7 3.45455 3.25 4 3.42857 2.93333 3.125 3.23529 3.61111 3.21053 3.2 3.47619 3.77273 
6.5 4 3.25 3.6 3.5 4 3.125 2.88889 3.6 3.18182 2.58333 3.30769 3.21429 2.86667 2.875 3.23529 3.27778 2.89474 3.3 3.19048 3.04545 
6.5 4.33333 3.5 3.8 3.16667 4.42857 3.375 2.88889 2.9 3.36364 3.16667 3.30769 3.57143 2.4 2.75 3.52941 3.05556 3.21053 3.35 3.19048 3.54545 
5.5 5 3.75 4.6 3.16667 4.28571 4 1.88889 3.9 3.09091 3.58333 3.07692 3.07143 2.73333 3.25 3 3.11111 3.26316 3.5 3.57143 2.81818 
4.5 5.33333 4.75 4.8 3.16667 3.57143 3 2.66667 3.8 2.72727 3.75 3.23077 3.5 3.26667 3.75 3.29412 3.27778 3.15789 3.45 3.42857 3.31818 
6 5 3.75 4 4 3.85714 3.375 3.55556 3.4 3.63636 3.41667 3 3.28571 3.2 2.75 3.58824 3.55556 3.21053 3.75 2.85714 3.59091 
6 4.33333 4 3.8 2.66667 3.28571 2.75 2.77778 3.2 3.45455 3.5 3.07692 3.21429 3.13333 2.9375 3.11765 3.05556 3.36842 3.7 3.85714 3.31818 
6.5 7 4 4.6 4.33333 4.42857 3.375 2.55556 3 3.27273 3.33333 2.69231 3.14286 2.73333 3.0625 3.70588 3.27778 3.63158 3.25 3.14286 3.5 
4.5 4.33333 4.5 4.4 3.5 2.85714 2.625 3.44444 3.2 3.36364 3.66667 3.23077 3.42857 2.73333 2.875 2.64706 3.44444 3.31579 3.55 3 3.5 
8 3.33333 4 3.6 3.83333 3.57143 3.375 2.44444 3.5 3.27273 2.66667 3.46154 3.5 2.86667 2.9375 2.82353 3.66667 3.42105 3.4 2.7619 3.72727 
4.5 5 3 3.8 4.5 3.71429 3.125 3.22222 3.3 2.45455 3.33333 3.07692 3.35714 2.93333 2.1875 2.76471 2.83333 3.52632 3.1 3.28571 3.22727 
6.5 3.66667 4.25 3.6 3.33333 3.42857 3.375 3 3 2.27273 3 3.07692 2.71429 2.93333 3.0625 3.23529 3.33333 3.63158 3 3.14286 3.36364 
6.5 4.66667 3.75 3.2 3.5 3.28571 3.25 3.22222 3.7 3.45455 3.16667 3 3.14286 2.33333 2.8125 2.70588 2.94444 3.10526 3.85 3.47619 3.54545 
7 5.33333 4.5 3.2 4 3.14286 3.5 2.66667 2.5 2.90909 2.83333 3.15385 3 2.86667 3.1875 2.82353 2.72222 2.94737 3.8 3.28571 3.36364 
4.5 4.33333 4.25 4.2 4.5 3.71429 3.125 3.44444 3.5 2.63636 3.58333 3.46154 2.71429 3.06667 3.3125 2.88235 3.33333 3.31579 3.25 3.14286 3.40909 
4 5.33333 4 4.6 3.5 4 2.75 2.77778 2.5 2.90909 3.75 2.69231 3.35714 3.13333 3.5 2.70588 3.11111 3.42105 4.1 3.38095 
